0.00
0.00
0.00
0.00
0.00
0.00
385.48
397.03
400.77
405.92
408.24
408.24
408.24
406.08
401.88
396.89
393.13
393.13
393.13
395.09
398.72
404.55
409.71
413.00
415.25
416.49
417.25
417.83
418.38
418.38
418.38
418.37
417.83
416.81
416.39
416.17
416.00
415.71
415.39
415.12
414.84
414.27
413.95
413.85
413.74
413.85
413.88
413.88
413.88
413.91
414.43
414.55
414.71
414.97
415.05
415.08
415.16
415.16
415.26
415.36
415.59
415.78
415.78
415.78
415.47
414.92
414.49
414.30
414.30
414.30
414.73
415.18
415.68
416.02
416.02
416.02
415.72
414.99
414.33
414.17
414.17
414.17
414.48
414.93
415.10
415.45
416.24
416.64
416.84
416.84
416.84
416.67
416.57
416.43
416.30
416.12
415.86
415.49
415.03
414.28
413.72
413.72
413.72
414.13
415.02
416.48
417.69
419.07
420.34
422.52
423.37
423.37
423.37
421.02
418.07
415.25
412.76
410.99
410.99
410.99
411.20
412.93
415.01
417.07
419.14
420.75
422.02
424.99
427.21
427.21
427.21
424.80
419.93
416.27
413.93
412.55
412.55
412.55
413.75
415.25
416.71
418.03
419.43
420.66
422.28
424.42
424.42
424.42
422.62
418.82
415.81
414.03
413.14
413.14
413.14
414.17
415.06
416.40
417.56
419.39
421.90
425.65
429.53
432.58
432.58
432.58
431.18
427.57
421.89
417.50
414.25
414.25
414.25
414.46
415.97
417.27
418.66
419.41
419.41
419.41
419.15
418.08
416.42
415.06
413.44
412.15
411.64
411.64
411.64
412.67
413.65
415.05
416.33
417.49
418.69
418.73
418.73
418.73
417.44
416.25
415.30
414.56
414.24
414.21
414.21
414.24
414.57
414.96
415.37
415.57
416.09
416.70
416.97
417.45
418.42
420.22
420.28
420.28
420.28
418.44
416.73
415.56
415.48
415.48
415.31
415.31
415.31
415.07
415.07
415.07
415.37
416.17
416.86
418.03
419.75
421.38
421.38
421.38
417.21
410.45
403.47
398.07
391.18
385.45
378.88
373.71
372.01
370.99
370.56
370.25
370.22
370.22
370.25
370.39
370.39
370.39
370.09
370.01
370.00
369.90
369.81
369.90
370.00
370.08
370.08
370.08
370.06
370.01
369.63
369.30
369.22
369.22
369.30
369.76
370.18
370.52
370.52
370.52
370.52
370.58
370.70
370.71
370.71
370.71
370.52
370.27
370.23
370.06
370.06
370.06
369.89
369.83
369.62
369.60
369.60
369.60
369.83
370.31
370.38
370.42
370.53
370.53
370.63
370.84
371.62
372.93
374.82
376.88
378.80
380.55
382.54
385.12
387.24
389.02
390.62
391.45
391.70
391.75
391.87
391.88
392.25
393.71
395.13
396.44
397.93
399.41
401.94
405.54
408.79
411.23
413.04
413.92
414.08
414.35
415.49
417.30
420.69
426.56
432.64
439.41
443.33
445.43
446.44
446.44
446.44
445.74
443.74
442.07
441.07
440.28
440.07
440.00
440.00
440.00
440.16
440.19
440.19
440.19
440.05
439.73
439.73
439.73
439.76
439.91
440.00
440.00
440.00
439.85
439.51
439.27
439.27
439.27
439.58
440.03
440.04
440.41
440.57
440.57
440.57
440.11
439.91
439.61
439.61
439.61
439.66
440.17
440.49
440.49
440.49
440.00
440.00
440.00
440.04
440.48
440.51
440.51
440.51
440.50
440.49
440.08
439.83
439.82
439.82
439.82
440.11
440.74
441.29
441.71
442.02
442.02
442.02
441.34
440.04
438.01
435.91
434.50
433.95
433.92
433.72
432.12
429.17
424.51
420.65
417.88
417.10
417.10
417.10
418.18
419.66
420.60
420.60
420.60
419.51
418.73
417.80
416.46
415.85
415.85
415.85
416.05
416.25
416.33
416.33
416.25
416.22
416.08
415.88
415.59
415.08
414.48
413.97
413.78
413.78
413.78
413.73
413.73
413.73
413.73
413.73
413.81
413.81
414.09
414.11
414.17
414.44
414.64
414.95
414.95
414.95
414.64
414.21
414.21
414.21
414.85
415.39
416.20
416.67
417.33
417.45
417.45
417.45
416.89
416.22
415.34
414.02
412.91
411.93
411.93
411.93
412.36
413.16
414.32
415.76
417.37
418.71
418.71
418.71
418.57
417.51
416.38
415.33
414.05
412.73
411.47
410.94
410.94
410.94
412.36
414.67
416.44
418.91
420.67
421.52
422.28
422.49
422.49
422.49
421.15
418.96
415.70
412.48
410.53
410.53
410.53
412.11
414.14
416.72
418.92
420.76
422.17
423.73
423.73
423.73
423.52
420.95
417.45
414.41
412.39
411.20
411.20
411.20
413.11
414.75
416.54
417.59
418.76
419.45
419.45
419.45
419.31
417.92
415.96
414.32
412.61
412.05
412.05
412.05
412.96
414.44
415.35
416.11
416.58
416.58
416.58
416.33
415.73
415.32
414.84
414.58
413.92
413.66
413.66
413.66
414.00
415.24
416.53
417.39
418.77
419.90
421.41
422.71
422.71
422.71
0.00
0.00
0.00
0.00
0.00
0.00
0.00
0.00
0.00
0.00
0.00
0.00
0.00
0.00
0.00
0.00
0.00
0.00
0.00
0.00
0.00
0.00
0.00
0.00
0.00
0.00
0.00
0.00
0.00
0.00
0.00
0.00
0.00
0.00
0.00
